100
270 9406
674 367
829 2969
127 6879
716 9606
965 9269
659 5861
146 4306
139 3496
913 7458
965 3254
66 6987
416 8191
3 1009
373 1429
944 7643
187 4971
362 3017
292 4490
248 2008
448 9213
277 2459
426 776
765 8565
272 678
23 4589
285 4089
576 8053
280 9579
414 7654
361 6711
649 4548
34 6012
917 2326
854 166
686 7302
731 8316
114 7158
92 2879
75 3364
910 8099
953 6547
540 9529
952 7173
460 6366
179 2821
77 9180
370 7463
192 1287
789 8398
805 476
53 3537
792 8167
47 7884
398 9122
600 7308
573 5553
207 2114
434 1159
639 3246
878 6818
68 3307
998 9790
771 7543
429 560
941 5235
36 4346
124 6180
513 2171
416 9912
293 8016
572 4867
921 3780
333 1355
291 5324
602 5169
142 7022
477 4492
812 9248
387 4241
160 681
828 3549
27 952
729 3893
123 146
805 4417
514 3729
636 4436
861 5321
791 5153
645 6745
674 9139
767 1503
983 6931
103 8371
173 3264
404 3353
813 6783
306 2894
676 7429
