10000
202
849
445
173
634
602
932
273
257
775
705
837
443
507
36
623
749
642
853
681
712
937
63
369
129
724
345
989
455
134
946
619
860
144
813
7
356
431
790
210
259
515
787
81
32
905
840
641
756
435
782
810
327
913
761
353
423
188
719
826
806
687
387
244
31
784
908
155
433
736
870
68
389
874
922
145
414
711
78
761
72
989
679
818
914
719
565
350
461
587
856
938
847
380
137
297
120
536
235
263
702
579
952
394
590
83
649
572
587
916
37
783
670
199
958
15
465
887
421
290
435
259
499
599
381
816
922
43
134
206
540
745
189
473
510
869
350
913
183
653
96
79
494
186
180
310
781
341
967
527
259
242
749
47
583
783
302
52
818
736
148
124
661
302
720
29
457
852
564
64
383
846
840
781
932
617
531
270
262
821
322
968
686
380
123
740
308
38
540
293
170
878
458
987
386
130
853
495
211
21
251
154
100
719
659
326
352
278
848
478
194
187
978
927
114
963
966
538
508
736
795
233
878
447
482
608
401
958
374
427
643
524
830
141
933
776
113
281
377
634
769
437
408
955
573
870
16
417
709
371
255
0
774
784
260
365
235
33
164
301
2
599
79
856
62
206
749
416
628
651
589
839
107
313
306
568
767
824
529
99
414
523
137
568
558
885
838
167
503
643
84
35
392
348
407
337
104
855
828
332
451
60
65
575
361
169
257
672
249
8
617
99
323
13
848
469
924
717
876
959
254
308
316
969
506
698
741
12
453
857
887
795
5
375
131
36
734
864
950
709
767
64
420
106
838
704
697
827
836
526
634
667
237
89
492
894
390
353
898
837
493
614
888
873
750
466
91
673
957
355
82
445
558
485
898
672
518
985
751
207
398
64
381
387
788
511
452
40
96
693
451
80
776
650
736
436
579
663
647
200
781
975
565
368
753
386
714
696
958
49
340
163
634
887
148
7
583
230
927
889
966
61
18
857
605
559
579
839
205
351
391
991
885
906
130
722
569
514
961
920
740
702
140
300
902
673
668
963
276
853
62
316
942
594
641
15
710
160
963
689
714
936
241
888
642
994
60
673
164
916
874
424
83
97
804
705
366
558
190
987
768
706
350
22
525
780
326
921
127
428
219
905
769
136
162
705
157
233
98
382
821
810
866
535
93
241
91
697
541
856
28
55
656
764
887
487
691
953
913
318
217
149
210
504
924
762
689
865
914
203
53
107
152
512
570
950
795
202
259
701
916
24
842
955
327
348
274
434
310
994
648
632
67
202
280
362
88
829
348
950
796
620
974
928
187
571
363
396
989
886
438
17
989
809
719
131
720
323
667
244
105
138
247
18
433
767
712
134
297
131
284
461
261
612
1000
377
207
364
833
480
564
478
753
305
130
61
318
230
701
999
115
378
348
462
13
366
565
731
787
138
391
417
472
633
588
475
961
663
218
111
408
467
877
768
597
835
480
138
690
201
349
849
436
938
621
877
830
154
320
550
53
47
276
457
726
13
996
668
803
888
21
897
504
814
12
116
685
234
519
182
575
814
103
11
910
605
975
593
3
111
120
786
205
480
884
947
516
502
695
373
495
94
595
24
617
234
496
109
129
360
604
197
644
233
84
488
361
884
488
890
819
875
806
495
502
593
226
401
626
929
408
532
75
512
871
780
652
172
432
579
757
456
163
355
990
200
513
282
222
890
840
361
697
558
546
512
59
560
956
811
909
439
241
446
829
225
528
750
355
371
830
991
511
799
75
62
975
586
239
521
31
339
87
951
330
198
952
295
621
883
634
945
581
704
64
871
14
944
283
764
776
457
26
124
919
608
7
920
554
972
983
392
936
522
272
399
123
217
589
843
295
875
947
609
290
35
687
52
124
849
619
880
993
765
914
195
257
171
60
752
692
709
209
317
721
862
690
245
418
995
447
506
267
355
85
386
202
381
152
218
579
966
392
872
725
147
184
204
515
525
526
255
890
547
17
534
591
860
121
198
231
541
457
832
959
32
229
840
931
195
86
3
549
683
103
58
394
898
905
647
695
341
918
402
528
527
886
594
207
124
395
207
813
553
926
587
846
934
380
142
232
724
488
730
575
848
972
861
140
249
227
46
139
983
468
566
560
654
271
551
903
59
57
665
655
270
451
61
197
469
635
107
546
534
423
247
981
113
31
467
491
439
850
146
668
663
530
584
805
394
953
681
14
702
1000
821
298
445
547
697
50
328
805
972
152
836
389
875
573
870
641
881
165
626
481
946
187
242
536
390
491
57
172
90
718
513
77
724
102
958
911
789
711
618
433
234
600
328
786
249
169
560
796
806
75
197
25
88
129
73
115
931
474
167
634
649
810
366
811
900
507
101
167
728
349
946
529
662
603
659
470
868
214
207
81
257
743
296
731
651
830
221
704
583
681
632
217
214
907
466
841
184
675
97
919
740
825
96
155
916
124
95
523
890
656
540
649
104
912
524
104
296
91
821
913
452
378
150
713
363
74
91
242
239
160
767
620
991
499
832
725
924
733
611
100
28
518
360
95
330
430
30
408
992
544
358
483
125
339
114
840
898
929
344
321
423
923
570
119
4
900
324
799
671
720
489
263
253
591
867
74
51
758
120
608
567
252
475
386
290
836
300
338
676
400
643
756
719
265
225
145
315
315
745
584
260
855
198
632
960
926
380
296
307
65
93
498
428
866
958
297
287
693
103
823
139
821
806
323
664
246
487
293
119
583
532
816
394
80
113
525
276
268
276
683
126
582
72
24
412
409
389
715
9
654
887
376
749
889
395
245
88
732
957
216
268
396
446
918
507
181
245
563
32
617
975
278
618
694
493
873
423
610
74
706
900
579
32
892
611
686
814
699
556
631
994
586
509
244
146
573
46
806
547
894
651
61
485
990
740
889
989
235
737
720
116
232
45
501
197
826
218
365
764
461
971
144
104
43
994
385
952
37
105
201
495
350
717
750
452
231
206
906
737
402
553
389
276
373
745
817
886
611
617
717
232
638
622
955
250
257
486
395
140
491
657
637
582
380
469
28
600
116
885
128
570
422
271
985
334
897
924
255
746
961
127
927
472
718
804
82
354
574
692
702
424
903
215
274
323
991
11
245
78
85
218
747
877
735
187
458
361
765
750
475
989
327
210
623
604
212
394
724
101
938
483
235
437
399
164
944
511
376
809
698
67
589
664
759
668
921
737
402
131
887
420
364
980
519
319
168
901
776
793
875
453
744
589
461
320
856
601
777
150
728
116
191
355
236
252
398
383
636
453
971
908
584
346
25
167
901
854
609
566
784
395
991
441
969
284
474
570
119
596
640
788
240
239
916
628
502
628
4
621
572
875
870
377
222
940
61
684
200
63
911
131
181
263
107
294
351
313
756
108
760
349
246
570
610
82
599
951
597
338
23
232
697
744
454
25
442
117
164
976
127
234
973
748
844
687
72
422
911
982
515
729
14
818
432
857
168
878
391
757
683
144
397
778
598
757
816
231
258
381
671
643
850
221
260
479
232
827
50
533
645
81
251
761
247
590
663
480
395
849
691
807
856
357
778
487
794
18
405
981
301
995
784
309
564
42
128
340
394
70
520
426
646
303
216
1000
254
125
694
72
189
113
725
403
565
924
593
371
772
377
426
246
646
57
992
709
988
582
951
178
959
281
322
547
864
731
32
437
421
637
638
433
169
903
489
878
795
123
277
174
501
235
929
121
38
295
907
229
345
115
584
733
212
733
656
697
287
481
384
408
159
957
321
578
115
257
157
810
362
151
932
428
646
101
395
539
771
708
222
698
507
623
682
712
286
584
107
691
466
683
646
760
639
639
999
191
854
370
360
733
96
129
935
963
20
678
259
375
729
583
690
396
778
741
538
455
930
296
747
30
46
832
646
792
950
149
170
899
114
707
966
240
149
858
756
118
819
572
9
313
301
206
484
259
931
321
695
670
876
883
700
131
929
908
276
988
598
778
874
649
438
814
340
170
184
151
282
215
167
258
476
672
548
296
550
888
167
24
243
106
469
265
977
779
552
116
910
391
394
465
969
878
663
926
708
573
77
569
392
4
205
513
601
198
50
634
956
873
756
619
250
525
789
601
932
732
530
672
89
690
468
830
511
38
923
849
549
834
351
264
705
918
363
303
460
742
353
724
1000
929
934
210
568
900
969
57
956
386
453
555
801
762
815
304
898
402
43
941
333
519
386
974
471
832
297
227
58
995
478
68
709
545
191
304
60
499
158
96
279
780
918
744
207
580
445
749
563
257
873
670
688
178
44
781
102
172
399
230
846
329
387
132
801
751
234
372
184
884
249
912
114
254
900
390
124
377
728
602
244
423
520
409
42
615
54
627
508
91
875
364
377
977
15
502
715
853
949
757
745
497
783
436
183
260
259
269
935
299
961
68
532
353
115
942
60
537
703
76
990
717
32
794
327
749
570
935
305
381
650
840
903
238
863
627
292
993
821
626
543
120
638
296
306
760
716
747
247
152
47
223
399
182
296
636
784
682
332
327
608
991
892
612
698
794
871
102
657
139
259
764
893
329
252
662
225
0
560
683
443
85
855
74
564
682
778
968
778
30
227
686
350
511
433
170
881
332
868
799
132
864
67
449
420
830
889
340
940
74
5
245
967
257
429
358
662
214
501
324
701
298
342
342
432
187
573
447
210
915
789
876
908
201
496
310
45
78
844
107
706
718
899
223
825
257
969
307
751
233
276
693
485
833
497
688
901
549
771
45
310
574
647
17
154
759
611
389
842
922
530
607
843
478
870
257
858
573
843
246
285
401
45
419
751
195
995
460
376
366
951
967
495
953
730
433
971
943
135
82
451
467
109
182
35
617
496
502
465
811
178
135
231
26
580
215
0
550
380
276
944
657
568
51
784
826
46
273
697
7
724
925
276
0
640
659
473
901
531
673
510
718
448
1000
195
106
236
181
467
504
302
607
350
1000
154
96
927
774
666
34
270
994
818
1
880
41
886
796
944
339
928
796
834
415
495
865
313
504
454
602
528
455
910
790
549
452
153
339
528
729
5
11
910
529
279
52
225
590
287
878
570
67
165
885
417
933
879
438
275
999
744
59
487
224
149
70
144
161
365
287
442
670
843
444
538
83
748
552
589
257
723
752
869
707
649
179
694
628
696
572
329
723
27
50
171
989
414
629
897
712
832
822
335
821
751
564
590
696
706
185
555
50
13
839
959
444
270
145
530
428
66
811
851
682
875
572
300
79
581
573
238
461
826
45
701
225
547
940
186
888
548
535
184
228
990
879
390
266
619
144
386
214
836
644
77
425
735
725
92
281
904
753
68
39
613
855
318
115
619
20
878
666
244
777
754
821
225
658
554
981
193
87
212
133
689
317
281
165
40
957
442
539
841
594
24
727
572
176
85
884
370
73
392
261
928
23
846
563
887
732
995
813
475
44
581
305
751
531
647
67
981
180
419
532
189
274
50
857
719
526
828
710
477
926
131
284
47
481
929
816
496
264
573
441
239
757
584
739
954
446
924
946
882
329
529
944
941
988
72
479
797
487
931
374
322
941
276
279
648
599
437
113
83
887
824
623
598
108
93
587
920
612
648
502
665
561
449
121
776
720
214
616
187
239
989
865
878
174
779
944
643
649
846
350
126
410
237
984
844
557
518
546
236
172
469
627
167
792
327
154
407
993
858
953
841
915
541
854
974
198
563
988
951
304
913
184
314
937
559
679
780
381
835
416
768
323
573
18
476
749
23
108
171
911
71
915
785
508
735
479
962
799
451
281
120
347
773
615
441
423
386
185
870
402
230
342
115
791
710
250
670
565
418
549
244
256
503
88
837
239
448
288
266
949
578
792
322
516
824
851
50
333
593
778
764
409
245
623
295
989
498
34
153
174
933
672
687
663
165
765
90
800
661
516
272
91
518
528
985
435
948
767
447
518
466
901
727
886
207
413
95
254
910
664
337
453
433
250
90
884
874
83
431
649
28
274
431
105
563
697
995
345
815
307
557
443
837
735
718
233
972
631
939
763
34
324
244
75
789
775
583
26
76
1
180
784
73
326
814
63
28
552
855
771
855
780
155
94
258
356
400
754
814
526
386
830
632
836
734
580
145
59
456
818
729
439
258
37
715
873
855
852
627
452
319
311
376
243
228
324
821
806
436
587
12
966
963
145
907
589
852
623
747
790
79
205
208
973
788
947
934
890
634
403
775
875
283
350
967
461
507
684
979
195
757
888
997
126
742
207
67
278
235
582
471
182
694
801
900
991
249
655
841
94
889
509
247
242
669
471
74
886
391
611
131
47
488
961
730
830
423
377
303
460
895
939
512
166
585
477
619
620
24
917
755
759
655
795
842
597
398
824
264
665
900
607
816
214
786
942
995
488
915
3
811
405
384
141
920
127
993
759
581
236
530
600
923
967
105
854
203
149
807
532
661
509
440
302
362
580
520
417
296
212
922
524
567
97
225
682
514
265
979
90
36
973
990
775
657
222
345
554
702
794
817
465
747
100
869
99
477
476
798
999
44
263
564
162
172
716
597
620
346
57
613
659
608
157
270
807
932
570
217
87
447
666
860
412
649
14
426
196
820
804
619
189
419
916
946
441
367
336
952
835
385
128
919
484
260
66
686
592
666
413
499
418
945
383
349
356
949
590
532
970
256
910
628
727
484
717
831
433
741
883
210
383
977
297
434
110
198
738
486
903
246
384
644
13
322
469
843
461
808
617
310
722
389
47
730
459
948
866
901
356
676
770
858
982
148
988
790
806
374
772
871
639
264
435
216
62
587
599
518
386
965
382
926
192
701
875
964
185
479
448
784
217
513
794
865
290
142
860
25
107
223
580
586
652
501
77
108
379
506
239
332
74
926
460
291
406
93
501
174
963
581
773
947
670
220
756
792
779
322
264
915
232
44
111
327
946
395
130
438
487
176
345
883
853
664
655
617
887
44
932
724
302
580
982
82
668
981
366
720
272
265
606
289
693
708
963
470
516
104
925
763
102
106
3
919
251
851
266
772
205
61
897
223
453
485
183
440
402
246
979
680
357
353
811
2
197
930
190
792
824
14
189
136
740
686
857
493
629
516
559
253
932
44
294
0
344
892
943
793
845
992
605
41
726
477
31
940
200
604
254
273
767
464
784
270
220
951
455
15
568
660
634
1
365
576
500
354
942
47
14
444
396
835
715
447
46
794
788
594
821
56
855
368
629
470
806
236
400
951
692
874
400
690
752
174
15
134
382
240
643
831
767
328
148
277
868
722
637
781
644
498
588
903
210
260
243
28
853
398
571
197
193
987
924
962
598
134
219
687
531
365
357
363
857
59
5
645
741
994
95
553
697
903
694
383
923
379
175
136
713
821
629
686
94
553
362
128
953
151
60
906
859
389
990
381
420
745
93
264
70
686
129
848
491
32
209
139
17
42
516
311
164
539
375
488
239
224
377
3
533
384
555
633
736
872
65
460
995
198
302
780
192
969
975
574
632
518
49
477
921
343
64
964
220
537
1
504
223
820
917
209
352
63
770
271
74
322
928
661
25
770
807
441
42
760
926
431
864
735
354
176
725
843
590
445
19
880
599
984
834
772
280
228
926
216
190
193
199
377
710
705
758
351
759
79
845
988
412
903
919
615
564
978
650
454
10
941
501
474
51
775
66
305
699
985
744
445
492
465
435
727
717
577
836
5
900
267
200
486
281
31
869
803
772
870
478
208
230
805
450
219
806
780
533
969
459
924
59
645
890
869
789
770
555
367
998
721
148
637
689
847
746
856
768
948
386
569
992
74
89
691
919
106
938
426
669
601
292
599
151
851
856
645
518
499
938
936
100
748
15
607
415
326
219
55
337
258
414
466
937
932
375
881
431
378
16
900
18
919
299
745
10
816
317
464
105
466
635
369
581
519
135
704
468
752
91
305
23
951
121
247
965
161
632
916
887
283
648
569
391
665
514
76
421
794
318
131
309
968
323
407
757
773
863
490
185
199
147
787
946
186
839
916
470
90
142
367
542
968
881
446
868
877
848
477
416
184
405
340
46
109
977
389
406
615
471
467
730
391
421
717
921
913
599
998
738
518
489
353
601
315
622
510
754
70
825
611
112
113
166
924
821
172
456
885
280
20
85
322
889
189
201
368
85
27
809
579
270
875
315
825
222
671
84
30
484
808
940
363
266
293
320
254
629
118
999
557
395
552
187
902
737
24
600
844
238
339
479
768
792
497
732
574
124
938
193
103
9
571
966
563
916
500
388
73
168
786
297
167
532
642
317
787
621
427
614
807
151
107
412
563
479
403
337
727
394
448
835
780
860
250
458
532
669
772
245
978
369
440
692
917
683
47
724
998
653
838
818
673
229
502
670
974
408
192
602
425
57
627
237
618
760
114
433
817
677
568
752
530
489
611
4
222
991
942
873
648
83
277
132
821
861
699
83
864
67
983
68
498
598
946
83
741
941
439
614
898
710
832
611
955
896
690
973
116
438
408
282
219
593
223
915
516
619
351
847
472
758
747
521
78
626
334
998
4
444
592
275
970
129
47
454
229
386
92
79
703
717
176
669
184
310
309
713
45
329
576
349
626
445
162
734
979
458
140
87
388
325
679
41
734
78
713
564
168
538
187
437
804
628
282
845
385
989
549
124
478
344
31
431
802
347
764
785
532
286
966
123
814
835
956
691
267
614
37
68
646
640
488
577
171
267
219
685
126
813
829
506
126
728
752
210
594
106
233
366
316
809
249
509
999
51
70
701
810
573
537
925
846
251
235
334
162
388
191
928
983
185
990
676
308
499
352
703
56
501
373
747
67
543
891
671
481
796
905
829
959
158
393
694
634
436
436
499
930
30
286
85
281
695
733
939
143
545
130
63
61
81
682
82
881
148
521
688
581
715
1000
147
326
593
654
473
549
527
472
100
451
82
561
905
212
380
598
202
710
554
903
470
214
504
661
940
840
62
279
267
105
129
188
757
415
950
307
529
357
270
21
347
459
370
91
87
28
263
865
480
943
618
126
266
760
114
717
256
37
325
803
117
813
339
326
103
985
324
824
976
634
89
715
766
659
101
594
648
288
866
379
663
222
853
344
816
922
126
271
336
216
777
704
697
227
634
191
255
730
146
261
830
486
394
508
781
236
583
389
739
709
204
600
869
900
563
62
243
570
32
770
736
152
33
643
733
818
500
204
621
139
285
552
9
290
398
859
324
753
832
707
113
900
399
68
472
207
617
216
535
884
859
669
538
628
442
642
158
894
122
814
699
876
289
854
776
724
66
70
264
178
908
824
440
788
676
462
307
312
502
361
938
729
352
674
339
41
467
755
712
414
39
707
44
485
834
180
95
670
311
993
17
233
753
405
638
262
873
426
491
310
340
815
374
39
59
566
291
13
422
170
471
38
46
345
729
925
277
94
243
392
894
70
825
385
755
881
809
168
687
988
646
592
89
568
424
954
904
898
155
627
253
661
138
773
486
955
82
40
404
166
557
510
448
197
172
849
945
464
941
954
431
483
751
596
319
979
496
524
833
944
565
214
802
885
931
128
414
760
470
277
312
727
877
428
969
397
171
783
977
877
514
824
330
185
368
63
211
182
748
854
99
603
768
201
923
155
613
846
874
798
274
194
681
536
175
255
70
887
51
277
833
119
416
969
576
459
947
103
72
335
495
888
682
716
515
720
165
78
236
532
833
188
59
242
595
233
916
593
2
986
418
443
629
507
837
944
190
165
428
262
374
143
480
963
128
379
572
707
752
835
883
704
498
448
347
394
27
51
879
98
511
96
380
504
461
651
972
144
981
894
351
1
962
987
591
997
930
324
14
554
666
548
131
782
170
343
357
609
105
817
519
441
989
639
715
707
872
501
604
349
152
231
488
316
315
959
937
1000
279
322
796
932
941
476
317
402
457
646
571
271
836
971
17
1
143
852
448
565
875
930
55
736
250
870
887
843
927
255
931
222
15
211
589
667
231
671
664
944
399
977
958
743
800
653
747
983
540
849
811
860
212
290
761
472
131
463
908
699
619
326
528
985
539
559
261
843
298
820
884
293
824
266
349
250
990
614
983
766
686
924
924
879
338
232
29
85
365
19
961
89
302
293
754
477
233
224
350
401
941
12
630
231
447
378
893
361
517
703
230
244
65
430
617
422
62
485
665
118
288
660
633
667
700
22
427
43
214
753
775
20
93
364
810
530
150
497
547
779
936
207
558
313
817
977
688
824
415
915
366
512
115
848
49
210
399
28
355
153
687
916
998
839
450
396
293
370
305
417
114
860
112
852
692
478
869
902
637
246
651
42
178
366
260
314
810
444
398
68
911
305
990
975
622
90
756
286
551
896
235
158
802
990
821
906
711
377
956
331
370
502
472
709
306
565
325
662
549
190
337
335
743
298
954
306
396
995
717
86
139
60
196
416
94
429
385
879
117
245
441
216
454
394
715
858
948
882
850
590
352
483
900
998
107
767
199
114
331
962
58
326
824
482
712
739
568
723
955
784
590
567
651
778
619
36
179
337
452
948
46
812
939
950
462
689
404
4
0
261
458
512
720
521
847
202
419
375
987
298
790
255
329
776
866
740
28
547
373
636
657
207
955
178
678
913
184
962
730
512
396
276
175
768
719
707
325
459
115
353
341
266
832
491
499
717
122
776
448
136
712
716
915
173
599
782
799
618
913
741
620
837
56
853
573
902
376
637
514
189
931
988
391
225
930
199
807
339
30
582
361
623
248
566
343
434
787
323
711
335
66
511
217
49
793
716
552
667
561
113
322
961
317
378
720
974
377
232
768
89
701
203
592
955
492
62
729
373
463
640
779
834
941
124
13
117
581
895
884
465
330
738
831
275
422
372
807
690
110
890
432
452
455
863
196
504
691
270
992
606
215
971
674
252
720
211
829
359
485
65
595
94
609
434
587
452
243
231
743
990
189
202
908
617
801
288
609
113
924
17
117
109
590
462
506
28
518
216
746
426
888
37
81
213
815
188
79
796
869
673
482
261
1
479
414
709
798
238
401
166
408
507
893
649
32
992
58
985
352
152
90
120
140
514
888
571
585
433
182
323
368
664
140
283
852
5
603
301
415
931
764
857
677
264
487
626
72
375
425
562
452
439
228
443
708
218
244
814
668
718
62
600
22
257
714
773
233
54
504
881
980
780
745
612
797
302
131
636
971
795
451
526
215
680
612
69
718
436
223
550
849
38
455
986
619
876
307
439
277
291
569
520
806
557
650
373
152
307
775
189
870
983
465
527
678
80
747
878
552
355
837
878
159
182
736
926
104
38
194
373
630
812
278
14
595
223
551
745
336
6
551
532
170
24
67
286
872
352
222
281
707
987
855
699
13
240
135
960
245
591
551
831
393
232
29
359
291
255
987
450
352
247
677
173
953
447
241
527
721
814
708
190
712
582
28
764
52
553
166
142
256
351
369
149
406
265
246
147
168
430
921
239
26
119
739
597
130
585
956
158
860
602
935
189
85
596
127
480
575
770
841
413
237
28
863
241
458
141
623
102
833
428
595
49
256
75
926
235
600
776
135
790
762
743
875
130
15
605
287
998
898
78
799
156
593
125
617
515
99
46
178
756
136
1000
129
872
908
986
502
418
266
98
251
412
531
879
482
733
267
897
462
138
977
176
172
707
591
994
100
633
35
489
312
599
874
894
230
84
232
831
633
846
206
399
316
783
550
123
489
316
161
698
828
172
267
281
357
883
581
648
608
689
422
823
718
267
29
129
43
225
431
719
653
277
520
435
669
645
240
604
842
755
58
294
923
735
461
422
288
858
599
447
511
673
719
557
430
149
359
343
822
182
863
527
602
614
532
838
17
844
249
592
800
400
188
387
197
468
971
343
186
409
998
653
215
205
478
595
102
542
298
33
277
972
162
99
656
683
908
640
572
375
723
568
45
783
843
533
293
857
180
76
219
188
100
78
685
525
33
456
85
404
786
305
351
956
184
62
402
456
636
29
995
666
833
197
884
240
382
701
709
799
753
424
637
708
225
551
347
246
179
83
652
69
590
146
916
230
447
797
518
551
86
753
492
677
47
476
734
852
254
977
567
405
742
244
940
864
402
842
539
106
212
446
201
463
174
97
651
878
41
509
577
199
351
991
415
730
80
6
631
585
176
17
108
323
48
999
308
462
524
240
530
633
221
28
773
669
84
242
207
531
290
82
901
919
34
355
369
580
382
647
876
20
835
891
785
366
263
908
503
933
285
330
394
477
50
484
48
146
251
611
250
550
715
722
802
490
130
96
250
118
21
11
133
251
269
278
395
351
188
575
152
632
106
83
755
162
28
299
603
350
535
282
790
344
594
673
182
440
502
417
206
255
487
611
717
640
97
280
655
446
698
66
819
723
159
688
294
375
445
290
742
53
285
172
781
723
735
394
482
348
123
762
833
29
450
684
206
575
401
233
66
107
341
452
672
905
204
779
842
496
544
700
239
124
157
578
704
137
646
751
255
937
538
714
733
944
368
723
161
315
121
251
185
196
4
696
400
358
61
612
258
934
626
73
441
463
38
195
497
406
862
235
51
837
759
624
61
159
156
831
0
110
54
552
827
717
712
529
751
404
178
587
798
658
799
329
173
700
577
598
286
414
226
367
811
42
623
999
250
820
243
305
770
591
914
787
907
689
739
621
238
982
499
650
655
955
658
297
803
110
369
850
683
672
445
411
346
238
809
572
510
175
212
462
456
253
857
554
6
979
955
714
881
302
465
918
899
1000
932
474
7
780
71
954
495
12
382
657
689
242
364
59
177
937
483
180
423
793
285
889
828
286
73
908
242
747
292
292
879
752
762
555
378
73
735
78
40
741
827
480
293
88
387
193
570
555
131
173
498
302
523
294
845
881
309
91
651
692
556
688
413
56
981
817
825
305
39
206
392
239
697
804
707
266
912
344
308
961
81
723
9
533
437
323
335
902
640
452
522
305
842
128
202
21
582
582
676
711
464
852
381
896
205
692
245
196
168
341
318
62
670
186
592
543
420
462
95
531
441
491
577
424
423
375
317
358
576
765
698
218
352
98
819
896
323
96
56
550
83
703
109
320
807
798
872
703
616
274
783
778
394
230
944
670
574
694
65
360
867
542
771
974
129
820
425
456
813
850
181
313
270
308
782
928
9
922
121
516
555
529
192
682
865
704
566
41
633
729
390
240
583
68
521
282
951
735
151
822
649
491
879
786
636
704
711
12
2
111
726
831
463
74
283
968
987
288
122
442
532
942
581
51
331
517
651
666
724
614
271
907
960
487
382
143
369
570
817
15
740
23
160
862
746
837
139
62
220
480
222
544
507
66
174
422
914
264
444
315
334
147
38
455
924
170
991
383
708
635
762
480
660
7
683
186
19
665
307
910
648
58
212
796
940
874
831
310
636
415
655
427
663
542
65
899
568
229
875
121
272
771
293
737
350
842
745
618
865
799
1
958
664
259
959
656
596
827
207
532
43
639
709
592
323
162
359
312
701
651
490
436
38
943
666
605
957
958
721
35
568
878
292
879
488
413
986
179
138
101
119
579
885
953
150
449
274
108
928
988
574
609
77
229
620
6
744
534
221
264
973
476
667
462
833
817
332
966
905
478
500
673
956
784
422
14
643
23
951
620
110
51
606
138
758
318
808
430
849
156
91
496
83
859
477
723
236
518
942
539
416
662
596
533
562
513
255
647
916
665
421
538
73
77
784
426
259
769
264
716
767
152
226
194
12
316
650
384
916
723
118
77
578
899
298
741
791
32
345
925
934
956
479
844
822
83
726
329
465
144
61
92
350
266
145
529
547
4
195
526
668
102
995
206
522
183
576
502
58
738
732
367
618
472
57
223
247
791
810
576
121
506
392
960
723
151
665
424
228
819
152
334
534
491
749
625
61
818
620
170
237
23
685
930
747
520
838
763
760
80
387
665
21
768
871
567
545
376
804
490
158
517
694
658
230
572
683
504
290
153
714
574
963
391
668
654
466
863
861
999
750
914
550
277
627
369
424
290
93
252
861
196
357
753
499
333
712
436
131
16
894
5
225
911
318
803
176
362
690
144
880
139
418
434
542
580
393
239
930
336
5
198
524
443
668
823
859
274
307
958
931
133
144
373
690
83
850
186
274
94
51
172
844
248
790
786
235
475
508
57
452
796
188
298
621
913
287
925
295
497
753
167
296
33
246
948
302
493
468
98
35
259
639
74
379
652
516
304
199
725
467
580
142
66
833
272
307
611
343
497
309
203
263
93
157
714
184
392
562
731
827
787
126
878
163
867
824
753
376
150
687
944
193
491
825
935
750
30
932
930
974
558
840
346
89
306
102
176
413
675
337
675
407
486
757
690
470
229
114
727
830
415
475
510
347
381
109
558
34
772
339
347
838
817
479
107
61
847
432
573
565
428
337
521
303
646
211
493
536
138
924
18
260
790
564
851
272
324
205
729
299
912
419
385
913
64
669
411
148
203
311
469
499
720
681
154
915
539
606
983
526
363
314
150
931
277
591
409
766
878
509
433
828
11
297
564
486
706
502
306
84
528
30
652
892
901
480
957
146
483
680
936
317
198
682
625
171
289
348
306
25
686
427
919
987
877
770
591
432
445
712
39
128
282
768
662
980
479
825
147
955
582
808
590
978
927
543
270
721
289
755
201
85
116
232
838
245
790
787
127
224
151
446
460
666
428
505
319
867
155
790
111
358
892
846
529
843
12
595
51
117
934
629
467
598
589
108
389
895
399
765
443
447
85
530
374
7
420
677
258
172
935
707
245
756
286
438
319
65
245
439
378
166
342
943
472
571
405
559
376
861
790
695
806
273
61
948
313
909
927
56
762
45
341
371
56
927
947
36
339
599
62
388
770
122
626
881
481
93
301
734
462
331
177
859
394
55
434
84
724
404
685
760
299
66
368
51
429
62
0
452
653
977
832
327
779
863
152
245
459
763
717
405
135
714
753
714
489
418
715
284
53
272
15
308
85
683
840
91
838
558
902
18
159
826
537
342
46
46
795
827
811
198
254
343
458
971
887
547
297
112
323
31
82
611
28
171
551
444
273
38
85
358
677
475
391
26
685
159
812
665
623
251
761
231
887
924
231
178
41
415
233
310
728
496
566
878
711
374
703
975
241
741
283
548
627
106
452
448
713
414
303
198
976
214
168
710
507
90
316
978
539
32
843
312
999
631
269
897
893
530
211
241
804
863
54
33
967
787
253
554
758
114
259
994
699
140
833
535
587
48
515
716
223
794
47
104
756
686
932
429
846
99
900
230
983
556
112
796
889
273
122
934
973
905
454
713
910
244
5
82
22
491
813
180
876
411
240
742
253
506
233
912
638
907
721
528
387
754
716
896
978
430
365
475
707
677
108
109
220
127
998
113
147
165
32
805
211
880
530
514
255
639
484
444
444
210
111
578
995
536
806
758
797
95
482
860
941
192
972
914
381
953
523
779
625
36
160
171
970
237
318
886
824
304
502
639
890
479
711
340
694
302
813
153
212
46
685
46
734
792
41
654
282
106
332
833
601
648
611
885
853
429
229
251
998
912
402
485
649
484
111
902
501
409
594
487
943
117
437
953
927
861
3
755
574
483
756
712
420
628
315
288
940
915
137
378
185
541
793
111
607
912
316
319
251
554
32
600
349
931
332
238
235
906
240
424
888
5
524
343
536
484
820
268
776
133
252
651
720
748
237
886
911
673
675
25
448
293
367
538
298
291
670
865
324
449
609
805
723
926
424
916
858
967
256
513
912
748
405
196
264
786
20
116
722
88
281
567
75
885
122
538
70
703
846
608
248
636
687
317
428
890
112
252
896
219
361
953
41
784
720
83
940
158
315
240
795
811
235
565
400
901
134
785
79
62
235
916
278
900
174
50
868
441
438
1
450
182
966
342
28
956
92
292
382
911
851
80
654
742
362
460
497
281
245
140
650
311
241
316
87
951
730
586
860
175
740
772
917
653
279
923
950
543
495
741
908
633
848
4
238
619
779
382
188
21
176
565
81
474
321
578
109
4
7
11
893
771
287
285
15
885
514
632
549
568
520
233
830
491
933
36
532
428
45
503
731
35
96
245
411
648
0
206
260
176
786
812
145
73
265
917
436
322
571
946
775
846
216
48
904
141
901
754
879
598
218
68
752
500
191
296
955
736
375
930
79
975
215
306
557
59
267
502
214
402
162
53
89
882
699
378
114
714
140
858
750
435
811
58
856
228
167
549
511
806
524
499
251
240
799
111
119
150
985
539
871
658
920
312
647
704
801
508
175
110
28
751
103
932
401
561
435
751
253
852
752
345
816
109
452
537
778
965
1
170
861
474
393
283
230
964
976
789
781
116
477
706
158
521
6
424
176
789
197
335
405
885
475
857
246
229
216
14
782
606
763
366
44
352
190
884
815
203
884
413
774
97
720
694
668
712
907
899
929
540
723
395
342
54
613
831
474
864
452
781
870
884
819
676
334
465
820
85
36
523
330
393
465
871
835
690
794
340
832
640
54
956
554
686
659
23
623
897
939
276
342
863
439
264
258
905
615
79
133
888
717
187
150
452
623
405
445
666
333
849
427
571
612
834
404
99
42
274
738
195
622
704
426
405
887
97
375
59
740
346
497
862
209
84
506
224
301
962
288
474
936
629
907
868
383
325
255
927
193
568
931
389
170
933
724
86
394
589
931
894
673
846
142
405
65
12
26
601
921
554
721
240
760
501
567
335
934
461
220
626
811
194
125
953
993
831
264
651
909
95
830
611
837
439
347
467
218
101
672
398
381
256
506
85
462
493
132
295
465
329
673
768
357
524
925
225
373
402
592
207
688
987
134
826
68
215
130
656
432
733
85
623
414
266
286
944
243
432
755
569
9
349
317
37
652
574
784
34
235
330
656
199
815
178
694
40
637
680
171
331
876
79
306
174
601
402
713
170
439
147
577
677
839
374
597
747
644
597
232
556
628
758
951
943
55
10
84
856
673
102
431
673
562
21
619
86
462
802
758
979
756
97
599
736
753
859
498
842
903
516
207
373
350
903
248
120
260
535
832
81
103
444
1
119
640
780
638
255
656
371
172
660
357
237
402
808
424
63
496
401
177
863
63
546
513
697
220
581
57
210
906
197
48
168
388
416
333
650
551
221
240
496
531
148
5
107
8
799
540
584
504
821
520
801
124
827
395
884
237
392
421
378
782
487
506
195
210
534
376
219
734
115
567
498
730
588
277
69
503
91
133
95
179
202
310
108
138
60
45
697
429
47
834
964
150
528
271
708
271
924
308
971
612
915
414
382
273
800
649
215
345
484
822
341
677
373
479
419
910
258
228
903
153
965
398
923
688
297
689
114
894
479
834
937
342
232
290
120
274
548
520
425
171
363
261
358
940
809
200
345
935
65
78
297
664
546
246
187
186
686
13
336
751
288
188
789
571
297
268
820
951
911
671
344
433
576
806
23
666
901
69
570
734
561
835
97
118
651
857
872
488
231
830
179
485
911
337
408
392
162
1
935
633
302
534
653
535
686
296
259
140
666
35
799
730
819
668
653
839
51
762
390
583
945
149
876
663
593
546
684
406
803
765
702
34
214
783
329
22
113
772
677
711
163
680
210
259
215
649
531
668
551
592
186
529
595
75
127
379
129
181
253
23
874
258
606
225
963
993
449
725
26
12
39
494
975
535
320
753
495
423
717
423
836
904
379
22
411
627
542
383
871
995
691
653
127
974
406
668
23
302
809
708
913
881
197
55
186
345
81
870
729
959
479
581
144
28
59
650
513
17
64
715
939
324
240
419
531
725
113
144
209
503
264
335
145
483
772
426
830
677
444
131
667
224
687
213
15
396
239
177
994
996
134
191
666
585
408
734
433
969
402
815
228
241
335
151
507
514
369
501
864
959
739
937
594
351
420
181
847
886
857
321
382
643
312
167
149
865
979
877
464
892
77
81
451
954
986
470
173
80
285
260
597
582
543
396
758
655
986
318
544
521
302
136
756
957
119
913
633
507
927
967
131
506
760
744
739
28
364
657
560
585
829
873
675
877
787
767
803
324
472
721
471
835
488
154
11
604
928
835
626
398
187
267
834
281
409
830
757
959
496
563
440
266
62
641
77
473
0
891
52
28
434
715
194
942
527
777
883
127
432
179
114
380
697
805
687
418
509
188
356
834
11
494
214
32
112
635
514
85
903
788
946
839
880
110
559
496
701
659
458
658
92
292
885
545
296
838
997
444
67
854
966
313
929
330
80
855
991
765
679
887
128
970
556
899
92
862
859
958
62
429
16
267
231
268
702
746
435
985
948
400
720
830
816
846
8
696
36
585
122
75
846
572
31
587
197
607
356
13
594
516
551
985
904
552
997
620
358
71
887
19
66
551
729
548
964
141
160
245
91
64
684
29
652
660
46
961
561
940
5
355
795
392
661
621
783
333
755
828
735
372
99
152
659
712
990
480
734
659
803
254
709
589
655
607
104
454
748
446
881
839
336
476
515
529
231
632
212
518
255
515
220
916
61
27
23
199
18
500
253
657
698
204
211
726
91
871
986
30
799
458
521
945
675
48
956
186
182
883
725
897
381
601
237
201
932
204
436
546
750
781
699
721
879
179
101
535
331
434
48
407
690
302
626
661
601
839
899
637
462
515
985
608
434
628
191
487
199
410
525
692
248
408
463
992
602
244
363
260
122
64
668
936
863
539
13
558
263
91
338
868
329
868
272
380
156
721
952
470
892
370
84
88
791
672
276
462
77
825
10
540
509
502
866
595
726
370
264
46
549
902
703
433
960
919
59
982
605
556
244
704
503
767
667
137
300
507
113
47
7
347
133
519
487
674
991
340
229
785
992
709
193
826
447
864
431
619
267
459
823
816
484
104
826
955
648
584
908
380
719
78
532
448
350
341
699
360
476
585
648
267
962
572
809
671
357
473
856
600
794
642
550
333
896
710
16
634
314
207
2
574
156
583
99
932
890
499
421
26
546
290
532
152
492
438
763
786
962
465
742
562
476
527
157
189
791
865
701
526
911
65
454
268
346
480
480
224
999
35
249
733
217
284
571
707
170
849
105
529
774
854
505
320
347
509
939
685
916
312
313
143
418
596
28
515
818
570
255
29
176
778
7
265
220
950
386
174
109
450
792
350
47
57
619
148
381
501
63
2
806
243
633
847
33
502
358
171
85
212
409
856
465
376
943
128
428
294
439
777
708
316
528
663
141
273
687
647
384
28
886
352
710
940
647
508
95
376
376
862
80
655
186
278
559
951
584
744
495
717
331
332
816
481
877
631
227
18
306
477
350
554
433
987
367
660
798
704
514
793
395
657
439
20
862
474
876
990
887
1
648
109
846
378
908
658
840
115
453
302
42
222
992
950
650
551
991
304
715
460
704
550
820
436
465
255
984
348
290
162
276
149
574
797
662
153
519
329
669
444
469
844
473
899
959
943
950
737
920
587
112
227
642
559
4
120
495
820
139
192
72
589
174
935
977
672
845
668
333
769
406
738
11
977
985
964
241
51
714
735
99
54
778
117
440
28
34
674
441
864
900
433
230
635
853
550
712
439
823
761
994
312
338
68
168
385
245
174
582
265
28
178
465
475
774
606
69
818
783
458
540
108
314
367
715
794
975
390
33
69
489
358
161
686
794
316
50
649
503
671
625
491
647
995
178
306
553
467
618
268
140
342
777
629
525
463
754
792
462
553
469
263
135
543
709
66
506
947
444
128
876
609
662
322
617
194
236
489
378
832
87
281
303
332
754
173
796
273
530
582
799
475
934
912
37
181
265
2
142
171
90
406
582
346
995
442
913
628
362
829
729
455
819
441
284
474
424
853
968
879
750
393
850
900
396
700
426
509
967
324
800
949
75
298
757
926
105
904
740
384
806
433
699
902
714
554
809
657
807
460
91
857
384
833
47
337
726
336
900
479
849
802
104
448
803
830
975
916
517
178
541
955
280
334
394
874
401
131
302
429
378
45
780
900
10
779
328
420
553
891
857
475
562
242
719
521
339
87
747
998
694
247
343
885
385
245
143
370
67
311
44
450
678
200
77
81
669
999
314
761
233
398
439
612
573
103
418
320
787
875
886
814
300
158
501
311
56
411
63
888
490
875
444
792
490
442
529
629
455
318
184
150
861
493
982
836
459
171
543
546
975
408
631
39
645
351
32
794
317
871
559
269
69
328
458
592
468
225
781
47
831
404
334
78
31
454
482
295
796
707
399
909
12
678
644
442
876
756
633
325
945
885
202
677
823
277
544
600
318
964
143
451
515
534
546
355
679
283
943
144
858
76
26
841
199
751
944
975
844
700
279
88
934
126
868
379
770
12
983
997
128
615
448
717
664
345
120
599
752
692
20
442
97
398
141
273
826
369
500
809
170
625
343
52
281
167
857
842
109
408
331
214
655
492
27
548
135
43
558
629
949
166
814
463
312
420
909
76
119
297
182
694
722
414
666
786
584
182
672
784
935
900
680
12
687
696
419
460
603
519
823
66
443
975
342
729
125
281
93
527
980
653
273
282
479
312
60
357
38
945
43
771
300
147
984
726
674
241
157
968
272
758
98
131
414
379
756
776
94
972
499
153
740
353
975
317
247
634
100
180
97
156
828
44
694
433
876
322
242
230
376
609
669
898
733
270
127
660
151
5
224
469
328
90
295
420
199
350
560
273
217
980
628
544
535
906
291
251
222
418
268
202
280
749
642
910
191
935
126
541
228
71
108
101
231
880
999
818
558
8
862
618
368
346
309
540
331
656
331
332
841
225
169
562
360
926
721
923
716
351
293
517
67
338
614
517
22
473
277
435
178
47
417
738
316
245
995
854
88
61
269
426
440
492
333
468
948
267
115
939
524
125
759
656
81
499
494
934
146
16
699
981
940
187
728
345
931
328
609
298
700
762
438
831
250
692
312
798
471
151
916
951
71
784
879
449
407
389
599
330
971
150
707
702
573
519
842
19
991
388
548
519
348
521
112
807
419
745
637
972
460
282
738
442
590
918
685
521
168
591
412
966
135
157
192
283
97
542
296
433
928
512
458
142
60
695
794
952
484
828
390
689
641
235
222
630
303
307
429
995
306
251
406
193
851
944
457
122
449
811
881
153
994
173
441
221
941
957
968
253
818
51
477
154
737
766
768
510
381
341
336
950
399
961
611
579
437
946
670
604
692
794
353
47
983
604
53
736
458
291
414
245
348
448
130
404
779
662
284
803
244
889
656
447
564
837
77
993
583
608
901
246
885
623
844
69
149
499
247
810
247
117
558
279
135
785
534
179
674
22
350
414
141
188
785
361
888
204
541
988
662
130
94
869
16
258
748
978
6
541
469
777
157
786
903
315
805
556
604
774
682
665
824
446
138
875
95
193
351
883
956
725
557
772
185
547
30
1000
700
202
379
866
663
443
679
74
420
691
500
445
121
746
241
697
721
789
954
808
89
773
658
117
190
224
851
565
998
850
607
415
439
783
520
533
879
392
920
495
843
444
488
490
99
801
319
360
663
618
104
499
146
779
476
842
754
856
177
453
994
234
120
724
298
360
529
113
731
4
952
223
888
245
406
157
231
457
903
964
29
639
98
969
406
211
358
732
503
976
564
845
460
901
240
119
47
895
366
224
399
229
89
150
318
71
733
533
396
119
90
969
800
865
358
475
885
528
457
211
838
960
336
902
931
114
783
436
76
840
247
839
974
581
923
938
635
782
101
327
667
188
304
807
837
603
520
471
297
396
700
755
654
433
461
770
807
423
927
464
198
175
870
713
672
950
671
239
883
894
357
370
449
928
112
648
138
931
725
346
449
236
565
91
810
70
499
726
382
581
423
921
580
181
92
478
303
589
642
843
58
834
608
561
235
892
265
479
33
352
588
494
737
941
961
202
682
937
768
974
563
582
411
191
590
509
838
856
203
438
201
898
948
536
495
381
79
188
602
945
288
630
50
757
450
197
247
925
688
590
687
784
797
119
1000
729
560
745
812
844
875
991
270
63
770
286
480
901
316
642
952
48
194
411
473
598
230
814
896
157
930
653
800
648
428
904
917
780
450
499
161
834
277
640
597
419
844
715
120
178
417
821
251
598
230
80
783
876
521
367
885
146
374
625
490
184
945
868
171
464
872
515
719
824
979
276
326
750
297
812
960
895
531
724
318
30
60
627
196
30
431
525
380
461
390
385
923
483
408
567
642
339
995
71
187
565
417
59
276
377
436
320
424
300
155
27
279
182
121
5
964
879
406
678
293
898
98
161
718
688
911
509
755
399
998
146
903
712
152
775
336
851
137
875
195
803
274
619
24
429
85
245
929
603
774
696
202
540
146
882
381
648
904
280
957
566
616
692
851
888
178
534
446
901
706
809
665
961
47
13
729
901
214
16
708
914
630
73
77
879
798
77
745
790
134
797
257
15
823
319
684
904
347
63
744
290
761
567
569
804
312
290
258
503
420
118
205
449
164
208
842
948
298
322
162
275
201
496
836
413
543
280
425
896
278
218
54
87
532
452
179
24
538
44
5
56
406
800
127
905
102
990
123
382
358
314
984
769
683
545
620
944
121
795
579
571
468
80
302
218
617
762
277
355
997
543
720
338
925
27
214
152
319
377
865
699
778
879
900
514
293
308
732
175
431
146
991
266
933
753
588
182
859
460
360
918
859
615
741
719
864
384
91
848
583
844
134
580
983
340
23
368
403
